0 0.000530862
1 0.00116212
2 0.00195172
3 0.00311045
4 0.00469297
5 0.00716307
6 0.00288564
7 0.00631704
8 0.0106091
9 0.00974461
10 0.0102078
11 0.000416501
12 0.000911774
13 0.00153127
14 0.00244038
15 0.00368199
16 0.00561996
17 0.00832364
18 0.0126016
19 0.00838862
20 0.00576222
21 0.0039209
22 0.00282113
23 0.00210573
24 0.00178859
25 0.00171515
26 0.0011632
27 0.000769745
28 0.000521867
29 0.000345093
30 0.000233585
31 0.000153902
32 0.000103327
33 6.68297e-005
34 4.29719e-005
35 2.49689e-005
36 1.16882e-005
37 0.000802878
38 2.50873e-024
39 5.01746e-024
40 6.05661e-024
41 7.09577e-024
42 6.05661e-024
43 5.01746e-024
44 2.50873e-024
45 7.96852e-007
46 1.79851e-006
47 2.75773e-006
48 4.42575e-006
49 5.98932e-006
50 1.20969e-006
51 2.39083e-006
52 4.18646e-006
53 5.8833e-006
54 9.09228e-006
55 6.09736e-006
56 4.6696e-006
57 3.13164e-006
58 2.39858e-006
59 1.60892e-006
60 1.23278e-006
61 8.27551e-007
62 6.35015e-007
63 4.27497e-007
64 3.29846e-007
65 2.24419e-007
66 1.76657e-007
67 1.24738e-007
68 1.04856e-007
69 8.25176e-008
70 8.13545e-008
71 7.82973e-008
72 5.57069e-008
73 3.18244e-008
74 1.60986e-008
75 3.96083e-008
76 9.24388e-011
77 2.14042e-010
78 2.95974e-010
79 4.71285e-010
80 5.59246e-010
81 8.23649e-010
82 5.79682e-010
83 5.18605e-010
84 3.61407e-010
85 3.18232e-010
86 2.16075e-010
87 1.8209e-010
88 1.14355e-010
89 8.26991e-011
90 3.57154e-011
91 1.00791e-006
92 2.0814e-006
93 3.81287e-006
94 5.79258e-006
95 9.60355e-006
96 1.40405e-005
97 2.29165e-005
98 3.32879e-005
99 5.41842e-005
100 7.86199e-005
101 0.000127915
102 0.000185572
103 0.000301909
104 0.000437998
105 0.00071259
106 0.00103383
107 0.00168199
108 0.00244031
109 0.00397035
110 0.00576051
111 0.000505279
112 0.00117036
113 0.00191224
114 0.000332461
115 0.00068674
116 0.0012582
117 6.00036e-042
118 0.00145331
119 9.7082e-042
120 0.00336621
121 9.7082e-042
122 0.00549968
123 6.00036e-042
124 0.0093724
125 0.00809885
126 0.00938658
127 0.0112899
128 0.0167639
129 0.0233378
130 0.0372929
131 0.0536954
132 0.0870804
133 0.126181
134 0.00200067
135 0.00222041
136 0.00314238
137 0.00427058
138 0.00674944
139 0.00967127
140 0.0156519
141 0.0226597
142 0.0368343
143 0.0534263
144 0.0869157
145 0.12611
146 0.171554
147 0.205189
148 0.192178
149 0.225416
150 3.55711e-010
151 0.329947
152 0.120524
153 0.279168
154 0.456134
155 0.447418
156 0.274906
157 0.189339
158 0.1162
159 0.0798129
160 0.0486639
161 0.0329063
162 0.0193084
163 0.0118173
164 0.00510185
165 0.193163
166 1.93583e-008
167 3.88246e-008
168 6.77728e-008
169 9.71038e-008
170 1.5014e-007
171 2.04041e-007
172 3.07722e-007
173 4.1322e-007
174 6.19465e-007
175 8.29459e-007
176 1.24154e-006
177 1.66133e-006
178 2.4856e-006
179 3.32567e-006
180 4.97487e-006
181 6.65648e-006
182 9.95642e-006
183 1.33228e-005
184 1.99259e-005
185 2.66649e-005
186 3.98777e-005
187 2.66843e-005
188 1.99647e-005
189 1.33905e-005
190 1.00535e-005
191 6.80662e-006
192 5.17891e-006
193 3.6334e-006
194 2.89882e-006
195 2.2808e-006
196 2.66843e-005
197 1.99647e-005
198 1.33905e-005
199 1.00535e-005
200 6.80662e-006
201 5.17891e-006
202 3.6334e-006
203 2.89882e-006
204 2.2808e-006
205 2.071e-006
206 2.071e-006
207 0
208 2.50873e-024
209 5.01746e-024
210 6.05661e-024
211 7.09577e-024
212 6.05661e-024
213 5.01746e-024
214 2.50873e-024
215 0
216 0
217 0
218 0
219 0
220 0
221 0
222 0
223 0
224 0
225 0
226 0
227 0
228 0
229 0
230 0
231 0
