0 0.004329 1
1 0.00865801 2
2 0.00865801 2
3 0.00865801 2
4 0.00865801 2
5 0.00865801 2
6 0.004329 1
7 0.00865801 2
8 0.012987 3
9 0.00865801 2
10 0.00865801 2
11 0.004329 1
12 0.00865801 2
13 0.00865801 2
14 0.00865801 2
15 0.00865801 2
16 0.00865801 2
17 0.00865801 2
18 0.012987 3
19 0.00865801 2
20 0.00865801 2
21 0.00865801 2
22 0.00865801 2
23 0.00865801 2
24 0.00865801 2
25 0.012987 3
26 0.00865801 2
27 0.00865801 2
28 0.00865801 2
29 0.00865801 2
30 0.00865801 2
31 0.00865801 2
32 0.00865801 2
33 0.00865801 2
34 0.00865801 2
35 0.00865801 2
36 0.004329 1
37 0.004329 1
38 0.004329 1
39 0.00865801 2
40 0.00865801 2
41 0.00865801 2
42 0.00865801 2
43 0.00865801 2
44 0.004329 1
45 0.004329 1
46 0.00865801 2
47 0.00865801 2
48 0.00865801 2
49 0.00865801 2
50 0.004329 1
51 0.00865801 2
52 0.00865801 2
53 0.00865801 2
54 0.012987 3
55 0.00865801 2
56 0.00865801 2
57 0.00865801 2
58 0.00865801 2
59 0.00865801 2
60 0.00865801 2
61 0.00865801 2
62 0.00865801 2
63 0.00865801 2
64 0.00865801 2
65 0.00865801 2
66 0.00865801 2
67 0.00865801 2
68 0.00865801 2
69 0.00865801 2
70 0.00865801 2
71 0.012987 3
72 0.00865801 2
73 0.00865801 2
74 0.004329 1
75 0.004329 1
76 0.004329 1
77 0.00865801 2
78 0.00865801 2
79 0.00865801 2
80 0.00865801 2
81 0.012987 3
82 0.00865801 2
83 0.00865801 2
84 0.00865801 2
85 0.00865801 2
86 0.00865801 2
87 0.00865801 2
88 0.00865801 2
89 0.00865801 2
90 0.004329 1
91 0.004329 1
92 0.00865801 2
93 0.00865801 2
94 0.00865801 2
95 0.00865801 2
96 0.00865801 2
97 0.00865801 2
98 0.00865801 2
99 0.00865801 2
100 0.00865801 2
101 0.00865801 2
102 0.00865801 2
103 0.00865801 2
104 0.00865801 2
105 0.00865801 2
106 0.00865801 2
107 0.00865801 2
108 0.00865801 2
109 0.00865801 2
110 0.00865801 2
111 0.004329 1
112 0.00865801 2
113 0.012987 3
114 0.004329 1
115 0.00865801 2
116 0.00865801 2
117 0.004329 1
118 0.004329 1
119 0.00865801 2
120 0.00865801 2
121 0.00865801 2
122 0.00865801 2
123 0.004329 1
124 0.012987 3
125 0.00865801 2
126 0.00865801 2
127 0.00865801 2
128 0.00865801 2
129 0.00865801 2
130 0.00865801 2
131 0.00865801 2
132 0.00865801 2
133 0.00865801 2
134 0.00865801 2
135 0.00865801 2
136 0.00865801 2
137 0.00865801 2
138 0.00865801 2
139 0.00865801 2
140 0.00865801 2
141 0.00865801 2
142 0.00865801 2
143 0.00865801 2
144 0.00865801 2
145 0.00865801 2
146 0.00865801 2
147 0.012987 3
148 0.00865801 2
149 0.00865801 2
150 0.00865801 2
151 0.012987 3
152 0.004329 1
153 0.00865801 2
154 0.012987 3
155 0.00865801 2
156 0.00865801 2
157 0.00865801 2
158 0.00865801 2
159 0.00865801 2
160 0.00865801 2
161 0.00865801 2
162 0.00865801 2
163 0.00865801 2
164 0.004329 1
165 0 0
166 0 0
167 0 0
168 0 0
169 0 0
170 0 0
171 0 0
172 0 0
173 0 0
174 0 0
175 0 0
176 0 0
177 0 0
178 0 0
179 0 0
180 0 0
181 0 0
182 0 0
183 0 0
184 0 0
185 0 0
186 0 0
187 0 0
188 0 0
189 0 0
190 0 0
191 0 0
192 0 0
193 0 0
194 0 0
195 0 0
196 0 0
197 0 0
198 0 0
199 0 0
200 0 0
201 0 0
202 0 0
203 0 0
204 0 0
205 0 0
206 0 0
207 0 0
208 0 0
209 0 0
210 0 0
211 0 0
212 0 0
213 0 0
214 0 0
215 0 0
216 0 0
217 0 0
218 0 0
219 0 0
220 0 0
221 0 0
222 0 0
223 0 0
224 0 0
225 0 0
226 0 0
227 0 0
228 0 0
229 0 0
230 0 0
231 0 0
