0 8.19648e-006 8.19648e-006
1 8.34596e-006 8.34596e-006
2 8.69204e-006 8.69204e-006
3 9.0113e-006 9.0113e-006
4 9.33424e-006 9.33424e-006
5 9.71713e-006 9.71713e-006
6 8.02347e-006 8.02347e-006
7 9.29563e-006 9.29563e-006
8 1.00227e-005 1.00227e-005
9 1.13148e-005 1.13148e-005
10 1.17992e-005 1.17992e-005
11 7.92285e-006 7.92285e-006
12 9.31034e-006 9.31034e-006
13 9.681e-006 9.681e-006
14 1.00143e-005 1.00143e-005
15 1.04149e-005 1.04149e-005
16 1.13099e-005 1.13099e-005
17 1.17548e-005 1.17548e-005
18 1.22315e-005 1.22315e-005
19 1.25425e-005 1.25425e-005
20 1.31763e-005 1.31763e-005
21 1.44864e-005 1.44864e-005
22 1.55652e-005 1.55652e-005
23 1.41787e-005 1.41787e-005
24 1.3012e-005 1.3012e-005
25 1.1832e-005 1.1832e-005
26 1.09283e-005 1.09283e-005
27 1.00434e-005 1.00434e-005
28 9.64903e-006 9.64903e-006
29 9.24571e-006 9.24571e-006
30 8.92129e-006 8.92129e-006
31 8.38849e-006 8.38849e-006
32 7.87319e-006 7.87319e-006
33 7.49569e-006 7.49569e-006
34 7.17222e-006 7.17222e-006
35 6.99835e-006 6.99835e-006
36 6.83178e-006 6.83178e-006
37 7.54263e-006 7.54263e-006
38 6.99675e-006 6.99675e-006
39 6.79863e-006 6.79863e-006
40 6.68477e-006 6.68477e-006
41 6.52943e-006 6.52943e-006
42 6.34717e-006 6.34717e-006
43 6.19172e-006 6.19172e-006
44 6.05255e-006 6.05255e-006
45 7.38655e-006 7.38655e-006
46 7.78913e-006 7.78913e-006
47 8.23399e-006 8.23399e-006
48 8.58238e-006 8.58238e-006
49 8.94197e-006 8.94197e-006
50 7.00618e-006 7.00618e-006
51 8.04103e-006 8.04103e-006
52 8.37597e-006 8.37597e-006
53 8.78898e-006 8.78898e-006
54 9.32937e-006 9.32937e-006
55 9.96662e-006 9.96662e-006
56 1.06226e-005 1.06226e-005
57 1.1112e-005 1.1112e-005
58 1.19167e-005 1.19167e-005
59 1.26775e-005 1.26775e-005
60 1.37858e-005 1.37858e-005
61 1.39505e-005 1.39505e-005
62 1.52197e-005 1.52197e-005
63 1.35143e-005 1.35143e-005
64 1.32314e-005 1.32314e-005
65 1.30398e-005 1.30398e-005
66 1.28007e-005 1.28007e-005
67 1.26474e-005 1.26474e-005
68 1.23972e-005 1.23972e-005
69 1.22038e-005 1.22038e-005
70 1.19461e-005 1.19461e-005
71 1.16985e-005 1.16985e-005
72 1.10841e-005 1.10841e-005
73 1.03626e-005 1.03626e-005
74 9.54083e-006 9.54083e-006
75 1.01267e-005 1.01267e-005
76 9.64701e-006 9.64701e-006
77 9.5605e-006 9.5605e-006
78 9.45936e-006 9.45936e-006
79 9.39513e-006 9.39513e-006
80 9.26312e-006 9.26312e-006
81 9.31663e-006 9.31663e-006
82 9.04361e-006 9.04361e-006
83 8.81704e-006 8.81704e-006
84 8.54038e-006 8.54038e-006
85 8.28137e-006 8.28137e-006
86 8.0116e-006 8.0116e-006
87 7.74861e-006 7.74861e-006
88 7.5503e-006 7.5503e-006
89 7.36237e-006 7.36237e-006
90 7.15536e-006 7.15536e-006
91 6.94545e-006 6.94545e-006
92 7.04868e-006 7.04868e-006
93 7.22008e-006 7.22008e-006
94 7.39962e-006 7.39962e-006
95 7.58764e-006 7.58764e-006
96 7.78559e-006 7.78559e-006
97 8.0057e-006 8.0057e-006
98 8.21023e-006 8.21023e-006
99 8.43785e-006 8.43785e-006
100 8.64436e-006 8.64436e-006
101 8.9412e-006 8.9412e-006
102 9.25565e-006 9.25565e-006
103 9.53486e-006 9.53486e-006
104 9.92359e-006 9.92359e-006
105 1.02584e-005 1.02584e-005
106 1.09041e-005 1.09041e-005
107 1.16789e-005 1.16789e-005
108 1.2132e-005 1.2132e-005
109 1.24119e-005 1.24119e-005
110 1.28236e-005 1.28236e-005
111 9.52447e-006 9.52447e-006
112 1.02272e-005 1.02272e-005
113 1.07528e-005 1.07528e-005
114 1.02927e-005 1.02927e-005
115 1.12002e-005 1.12002e-005
116 1.12542e-005 1.12542e-005
117 1.18222e-005 1.18222e-005
118 1.17195e-005 1.17195e-005
119 1.21141e-005 1.21141e-005
120 1.22534e-005 1.22534e-005
121 1.25101e-005 1.25101e-005
122 1.28694e-005 1.28694e-005
123 1.28566e-005 1.28566e-005
124 1.33872e-005 1.33872e-005
125 1.36496e-005 1.36496e-005
126 1.38399e-005 1.38399e-005
127 1.41438e-005 1.41438e-005
128 1.33142e-005 1.33142e-005
129 1.38913e-005 1.38913e-005
130 1.32507e-005 1.32507e-005
131 1.26675e-005 1.26675e-005
132 1.23827e-005 1.23827e-005
133 1.2036e-005 1.2036e-005
134 1.0149e-005 1.0149e-005
135 1.00451e-005 1.00451e-005
136 9.88037e-006 9.88037e-006
137 9.70482e-006 9.70482e-006
138 9.52829e-006 9.52829e-006
139 8.71766e-006 8.71766e-006
140 9.41241e-006 9.41241e-006
141 9.5177e-006 9.5177e-006
142 9.65446e-006 9.65446e-006
143 1.00658e-005 1.00658e-005
144 1.05415e-005 1.05415e-005
145 1.11229e-005 1.11229e-005
146 1.12495e-005 1.12495e-005
147 1.16311e-005 1.16311e-005
148 1.09835e-005 1.09835e-005
149 1.07757e-005 1.07757e-005
150 9.31917e-006 9.31917e-006
151 1.04738e-005 1.04738e-005
152 9.06168e-006 9.06168e-006
153 9.71594e-006 9.71594e-006
154 1.01211e-005 1.01211e-005
155 9.59234e-006 9.59234e-006
156 9.26759e-006 9.26759e-006
157 8.9437e-006 8.9437e-006
158 8.5171e-006 8.5171e-006
159 8.10055e-006 8.10055e-006
160 7.71018e-006 7.71018e-006
161 7.29169e-006 7.29169e-006
162 6.92424e-006 6.92424e-006
163 6.60774e-006 6.60774e-006
164 6.30422e-006 6.30422e-006
165 8.71073e-006 8.71073e-006
166 8.89638e-006 8.89638e-006
167 9.01742e-006 9.01742e-006
168 9.30597e-006 9.30597e-006
169 9.67091e-006 9.67091e-006
170 1.00619e-005 1.00619e-005
171 1.0549e-005 1.0549e-005
172 1.11599e-005 1.11599e-005
173 1.18668e-005 1.18668e-005
174 1.2469e-005 1.2469e-005
175 1.29645e-005 1.29645e-005
176 1.50528e-005 1.50528e-005
177 1.36701e-005 1.36701e-005
178 1.31064e-005 1.31064e-005
179 1.12658e-005 1.12658e-005
180 1.09309e-005 1.09309e-005
181 1.06118e-005 1.06118e-005
182 1.04316e-005 1.04316e-005
183 9.99972e-006 9.99972e-006
184 9.58966e-006 9.58966e-006
185 8.98836e-006 8.98836e-006
186 8.60367e-006 8.60367e-006
187 8.23302e-006 8.23302e-006
188 7.91687e-006 7.91687e-006
189 7.60896e-006 7.60896e-006
190 7.2651e-006 7.2651e-006
191 7.05497e-006 7.05497e-006
192 6.56898e-006 6.56898e-006
193 9.31262e-006 9.31262e-006
194 8.83752e-006 8.83752e-006
195 8.48434e-006 8.48434e-006
196 7.94601e-006 7.94601e-006
197 7.67598e-006 7.67598e-006
198 7.29781e-006 7.29781e-006
199 7.07198e-006 7.07198e-006
200 6.8696e-006 6.8696e-006
201 6.44183e-006 6.44183e-006
202 6.04789e-006 6.04789e-006
203 5.82504e-006 5.82504e-006
204 7.19103e-006 7.19103e-006
205 6.75e-006 6.75e-006
206 6.6068e-006 6.6068e-006
207 6.49488e-006 6.49488e-006
208 6.42817e-006 6.42817e-006
209 6.33056e-006 6.33056e-006
210 6.13866e-006 6.13866e-006
211 6.07284e-006 6.07284e-006
212 1.41496e-005 1.41496e-005
213 1.31221e-005 1.31221e-005
214 1.12988e-005 1.12988e-005
215 1.06207e-005 1.06207e-005
216 9.45542e-006 9.45542e-006
217 8.88302e-006 8.88302e-006
218 8.31188e-006 8.31188e-006
219 7.81859e-006 7.81859e-006
220 7.49835e-006 7.49835e-006
221 9.75245e-006 9.75245e-006
222 8.97609e-006 8.97609e-006
223 8.64483e-006 8.64483e-006
224 8.26251e-006 8.26251e-006
225 7.28959e-006 7.28959e-006
226 6.5767e-006 6.5767e-006
227 6.48078e-006 6.48078e-006
228 6.44674e-006 6.44674e-006
229 6.23491e-006 6.23491e-006
230 6.05495e-006 6.05495e-006
231 5.78619e-006 5.78619e-006
